solution =

   0.250000000000000                   0   2.892135502812698
   0.500000000000000                   0   2.944788653411940
   0.750000000000000                   0   2.988092568418360
   1.000000000000000                   0   3.000000000000000
   1.250000000000000                   0   2.987580726016037
   1.500000000000000                   0   2.941112677517193
   1.750000000000000                   0   2.897581561658629
                   0   0.250000000000000   2.887964262891797
   0.250000000000000   0.250000000000000   2.971175686383399
   0.500000000000000   0.250000000000000   3.050519671252653
   0.750000000000000   0.250000000000000   3.111310983994995
   1.000000000000000   0.250000000000000   3.133889929484928
   1.250000000000000   0.250000000000000   3.110975707117691
   1.500000000000000   0.250000000000000   3.050864053271033
   1.750000000000000   0.250000000000000   2.971233857205624
   2.000000000000000   0.250000000000000   2.885658482527622
                   0   0.500000000000000   2.941721212150102
   0.250000000000000   0.500000000000000   3.052358095726999
   0.500000000000000   0.500000000000000   3.172366174728739
   0.750000000000000   0.500000000000000   3.271929704544097
   1.000000000000000   0.500000000000000   3.328901170119245
   1.250000000000000   0.500000000000000   3.272328575668997
   1.500000000000000   0.500000000000000   3.173128524864095
   1.750000000000000   0.500000000000000   3.052970796120006
   2.000000000000000   0.500000000000000   2.940865113620474
                   0   0.750000000000000   2.984765234567188
   0.250000000000000   0.750000000000000   3.122086719274798
   0.500000000000000   0.750000000000000   3.288265804567316
   0.750000000000000   0.750000000000000   3.511282732085654
   1.000000000000000   0.750000000000000   3.578901170119245
   1.250000000000000   0.750000000000000   3.509077827309512
   1.500000000000000   0.750000000000000   3.292890223066232
   1.750000000000000   0.750000000000000   3.124687159153662
   2.000000000000000   0.750000000000000   2.984438955251305
                   0   1.000000000000000   3.000000000000000
   0.250000000000000   1.000000000000000   3.148331454737845
   0.500000000000000   1.000000000000000   3.388885777720198
   0.750000000000000   1.000000000000000   3.638885777720198
   1.250000000000000   1.000000000000000   3.657725241106397
   1.500000000000000   1.000000000000000   3.401601830153595
   1.750000000000000   1.000000000000000   3.151601830153595
   2.000000000000000   1.000000000000000   3.000000000000000
                   0   1.250000000000000   2.986341531265106
   0.250000000000000   1.250000000000000   3.123434960157800
   0.500000000000000   1.250000000000000   3.292871610350350
   0.750000000000000   1.250000000000000   3.514307222874359
   1.000000000000000   1.250000000000000   3.648453003856975
   1.250000000000000   1.250000000000000   3.510854044617045
   1.500000000000000   1.250000000000000   3.297266065365765
   1.750000000000000   1.250000000000000   3.125955250854381
   2.000000000000000   1.250000000000000   2.985975157383812
                   0   1.500000000000000   2.938133245704645
   0.250000000000000   1.500000000000000   3.053921563201814
   0.500000000000000   1.500000000000000   3.178994498282451
   0.750000000000000   1.500000000000000   3.296211628108144
   1.000000000000000   1.500000000000000   3.402285690223098
   1.250000000000000   1.500000000000000   3.296361423927241
   1.500000000000000   1.500000000000000   3.179424058099756
   1.750000000000000   1.500000000000000   3.054604844014115
   2.000000000000000   1.500000000000000   2.937168221664412
                   0   1.750000000000000   2.886632062288304
   0.250000000000000   1.750000000000000   2.970713692512323
   0.500000000000000   1.750000000000000   3.054250905053522
   0.750000000000000   1.750000000000000   3.126244404001294
   1.000000000000000   1.750000000000000   3.152285690223098
   1.250000000000000   1.750000000000000   3.125864022887550
   1.500000000000000   1.750000000000000   3.054458816144638
   1.750000000000000   1.750000000000000   2.970027996987305
   2.000000000000000   1.750000000000000   2.886563185612852
   0.250000000000000   2.000000000000000   2.881994634202111
   0.500000000000000   2.000000000000000   2.939442771342773
   0.750000000000000   2.000000000000000   2.986484048777267
   1.000000000000000   2.000000000000000   3.000000000000000
   1.250000000000000   2.000000000000000   2.984834303860195
   1.500000000000000   2.000000000000000   2.937262200622375
   1.750000000000000   2.000000000000000   2.887291678758563
